0
0.227065
0.45413
0.681195
0.90826
1.13533
1.36239
1.58935
1.81236
2.01004
2.13316
2.19999
2.25479
2.29993
2.34251
2.37876
2.41501
2.45126
2.4875
2.52375
2.56
2.59625
2.6325
2.66875
2.705
2.74125
2.7775
2.81375
2.85
2.88625
2.9225
2.95875
2.995
3.03125
3.0675
3.10375
3.14
3.17625
3.2125
3.24875
3.285
3.32125
3.3575
3.39375
3.42999999999999
3.46625
3.5025
3.53874999999999
3.57499999999999
3.61125
3.64749999999999
3.68375
3.72
3.75624999999999
3.7925
3.82875
3.86499999999999
3.90124999999999
3.9375
3.97375
4.01000000000001
4.04624999999999
4.0825
4.11874999999999
4.155
4.19125
4.22749999999999
4.26374999999999
4.3
4.33624999999999
4.37249999999999
4.40875
4.44499999999999
4.48124999999999
4.51750000000001
4.55374999999998
4.58999999999997
4.62624999999997
4.66249999999999
4.69874999999999
4.73499999999999
4.77124999999998
4.80749999999998
4.84374999999997
4.88
4.91624999999999
4.95249999999999
4.98874999999998
5.02499999999998
5.06124999999997
5.09749999999997
5.13374999999999
5.16999999999999
5.20624999999998
5.24250000000001
5.27875
5.315
5.35124999999999
5.38749999999999
5.42375000000001
5.45999999999998
5.49624999999997
5.53249999999997
5.56874999999999
5.60499999999999
5.64124999999999
5.67749999999998
5.71375
5.75
5.78625
5.82249999999999
5.85875000000001
5.89500000000001
5.93125000000001
5.96749999999997
6.00375
6.03999999999999
6.07624999999999
6.11249999999998
6.14874999999998
6.18499999999997
6.22124999999997
6.25749999999999
6.29374999999999
6.32999999999998
6.36624999999998
6.40249999999997
6.43875000000003
6.47500000000002
6.51125000000002
6.54749999999996
6.58375000000001
6.62
6.65625
6.6925
6.72874999999999
6.76499999999999
6.80124999999998
6.83749999999998
6.87375000000003
6.91000000000003
6.94624999999996
6.98249999999996
7.01874999999995
7.05500000000001
7.09125
7.12749999999994
7.16374999999999
7.19999999999999
7.23624999999998
7.27249999999998
7.30875000000003
