0
13.8984
27.7967
42.3974
61.4157
82.3824
144.669
897.76
4581.74
17736.2
41339.3
68321.8
95685.5
123355
151083
178954
206825
234696
262568
290439
318310
346181
374052
401923
429794
457665
485536
513407
541278
569149
597020
624891
652762
680633
708504
736375
764246
792117
819988
847859
875730
903601
931472
959343
987214
1015085
1042956
1070827
1098698
1126569
1154440
1182311
1210182
1238053
1265924
1293795
1321666
1349537
1377408
1405279
1433150
1461021
1488892
1516763
1544634
1572505
1600376
1628247
1656118
1683989
1711860
1739731
1767602
1795473
1823344
1851215
1879086
1906957
1934828
1962699
1990570
2018441
2046312
2074183
2102054
2129925
2157796
2185667
2213538
2241409
2269280
2297151
2325022
2352893
2380764
2408635
2436506
2464377
2492248
2520119
2547990
2575861
2603732
2631603
2659474
2687345
2715216
2743087
2770958
2798829
2826700
2854571
2882442
2910313
2938184
2966055
2993926
3021797
3049668
3077539
3105410
3133281
3161152
3189023
3216894
3244765
3272636
3300507
3328378
3356249
3384120
3411991
3439862
3467733
3495604
3523475
3551346
3579217
3607088
3634959
3662830
3690701
3718572
3746443
3774314
3802185
3830056
3857927
3885798
3913669
3941540
3969411
